0 1 3 0 8 2 1 
0 2 2 0 1 2 
0 3 7 0 9 8 7 6 5 4 3 
0 4 6 0 9 8 7 6 5 4 
0 5 5 0 1 2 3 4 5 
0 6 6 0 1 2 3 4 5 6 
0 7 4 0 9 12 14 7 
0 8 2 0 9 8 
0 9 2 0 8 9 
0 10 3 0 8 11 10 
0 11 3 0 9 12 11 
0 12 2 0 8 12 
0 13 3 0 9 12 13 
0 14 3 0 9 12 14 
0 15 4 0 8 14 18 15 
0 16 4 0 9 10 15 16 
0 17 3 0 9 12 17 
0 18 4 0 9 12 17 18 
0 19 4 0 9 12 13 19 
0 20 5 0 9 12 17 18 20 
0 21 5 0 9 12 17 22 21 
0 22 4 0 9 12 17 22 
0 23 4 0 9 12 17 23 
1 0 3 1 2 8 0 
1 2 3 1 0 8 2 
1 3 7 1 0 8 7 6 5 4 3 
1 4 6 1 0 8 7 6 5 4 
1 5 5 1 0 8 7 6 5 
1 7 4 1 0 8 14 7 
1 8 2 1 0 8 
1 9 3 1 2 8 9 
1 10 4 1 2 8 11 10 
1 11 4 1 0 9 12 11 
1 12 3 1 2 8 12 
1 13 4 1 0 9 12 13 
1 14 4 1 0 9 12 14 
1 15 5 1 2 8 14 18 15 
1 16 5 1 0 9 10 15 16 
1 17 4 1 0 9 12 17 
1 18 5 1 0 9 12 17 18 
1 19 5 1 0 9 12 13 19 
1 20 6 1 0 9 12 17 18 20 
1 21 6 1 0 9 12 17 22 21 
1 22 5 1 0 9 12 17 22 
1 23 5 1 0 9 12 17 23 
2 0 2 2 1 0 
2 1 3 2 8 0 1 
2 3 6 2 8 7 6 5 4 3 
2 4 5 2 8 7 6 5 4 
2 5 4 2 8 7 6 5 
2 6 4 2 3 4 5 6 
2 7 5 2 1 0 8 14 7 
2 8 3 2 1 0 8 
2 9 3 2 1 0 9 
2 10 4 2 1 0 9 10 
2 11 5 2 1 0 9 12 11 
2 12 4 2 1 0 9 12 
2 13 5 2 1 0 9 12 13 
2 14 5 2 1 0 9 12 14 
2 15 5 2 1 0 9 10 15 
2 16 6 2 1 0 9 10 15 16 
2 17 5 2 1 0 9 12 17 
2 18 6 2 1 0 9 12 17 18 
2 19 6 2 1 0 9 12 13 19 
2 20 7 2 1 0 9 12 17 18 20 
2 21 7 2 1 0 9 12 17 22 21 
2 22 6 2 1 0 9 12 17 22 
2 23 6 2 1 0 9 12 17 23 
3 0 7 3 4 5 6 7 8 9 0 
3 1 7 3 4 5 6 7 8 0 1 
3 2 6 3 4 5 6 7 8 2 
3 4 6 3 2 8 7 6 5 4 
3 5 5 3 2 8 7 6 5 
3 6 4 3 2 8 7 6 
3 7 4 3 4 5 6 7 
3 8 5 3 4 5 6 7 8 
3 9 7 3 4 5 6 7 14 12 9 
3 10 7 3 4 5 6 7 8 9 10 
3 11 7 3 4 5 6 7 14 17 11 
3 12 6 3 4 5 6 7 14 12 
3 13 5 3 4 5 6 7 13 
3 14 5 3 4 5 6 7 14 
3 15 7 3 4 5 6 7 14 17 15 
3 16 8 3 4 5 6 7 14 18 23 16 
3 17 7 3 4 5 6 7 14 18 17 
3 18 7 3 4 5 6 7 14 19 18 
3 19 6 3 4 5 6 7 13 19 
3 20 7 3 4 5 6 7 14 18 20 
3 21 8 3 4 5 6 7 14 17 22 21 
3 22 7 3 4 5 6 7 14 17 22 
3 23 7 3 4 5 6 7 14 17 23 
4 0 6 4 5 6 7 8 9 0 
4 1 6 4 5 6 7 8 0 1 
4 2 5 4 5 6 7 8 2 
4 3 6 4 5 6 7 8 2 3 
4 5 6 4 3 2 8 7 6 5 
4 6 5 4 3 2 8 7 6 
4 7 4 4 3 2 8 7 
4 8 4 4 5 6 7 8 
4 9 6 4 5 6 7 14 12 9 
4 10 6 4 5 6 7 8 9 10 
4 11 6 4 5 6 7 14 17 11 
4 12 5 4 5 6 7 14 12 
4 13 5 4 3 2 8 14 13 
4 14 4 4 5 6 7 14 
4 15 6 4 5 6 7 14 17 15 
4 16 7 4 5 6 7 14 18 23 16 
4 17 6 4 5 6 7 14 18 17 
4 18 6 4 5 6 7 14 19 18 
4 19 5 4 5 6 7 13 19 
4 20 6 4 5 6 7 14 18 20 
4 21 7 4 5 6 7 14 17 22 21 
4 22 6 4 5 6 7 14 17 22 
4 23 6 4 5 6 7 14 17 23 
5 0 5 5 4 3 2 1 0 
5 1 5 5 6 7 8 0 1 
5 2 4 5 6 7 8 2 
5 3 5 5 6 7 8 2 3 
5 4 6 5 6 7 8 2 3 4 
5 6 6 5 4 3 2 8 7 6 
5 7 5 5 4 3 2 8 7 
5 8 4 5 4 3 2 8 
5 9 6 5 4 3 2 8 12 9 
5 10 6 5 4 3 2 8 9 10 
5 11 6 5 4 3 2 8 12 11 
5 12 5 5 4 3 2 8 12 
5 13 6 5 4 3 2 8 14 13 
5 14 5 5 4 3 2 8 14 
5 15 7 5 4 3 2 8 14 17 15 
5 16 8 5 4 3 2 8 14 18 23 16 
5 17 6 5 4 3 2 8 12 17 
5 18 7 5 4 3 2 8 14 19 18 
5 19 7 5 4 3 2 8 14 18 19 
5 20 7 5 4 3 2 8 14 18 20 
5 21 8 5 4 3 2 8 14 17 22 21 
5 22 7 5 4 3 2 8 14 17 22 
5 23 7 5 4 3 2 8 14 17 23 
6 0 6 6 5 4 3 2 1 0 
6 2 4 6 5 4 3 2 
6 3 4 6 7 8 2 3 
6 4 5 6 7 8 2 3 4 
6 5 6 6 7 8 2 3 4 5 
6 7 6 6 5 4 3 2 8 7 
6 8 5 6 5 4 3 2 8 
6 9 7 6 5 4 3 2 8 12 9 
6 10 7 6 5 4 3 2 8 9 10 
6 11 7 6 5 4 3 2 8 12 11 
6 12 6 6 5 4 3 2 8 12 
6 13 7 6 5 4 3 2 8 14 13 
6 14 6 6 5 4 3 2 8 14 
6 15 8 6 5 4 3 2 8 14 17 15 
6 16 9 6 5 4 3 2 8 14 18 23 16 
6 17 7 6 5 4 3 2 8 12 17 
6 18 8 6 5 4 3 2 8 14 19 18 
6 19 8 6 5 4 3 2 8 14 18 19 
6 20 8 6 5 4 3 2 8 14 18 20 
6 21 9 6 5 4 3 2 8 14 17 22 21 
6 22 8 6 5 4 3 2 8 14 17 22 
6 23 8 6 5 4 3 2 8 14 17 23 
7 0 4 7 14 12 9 0 
7 1 4 7 14 8 0 1 
7 2 5 7 6 5 4 3 2 
7 3 4 7 6 5 4 3 
7 4 4 7 8 2 3 4 
7 5 5 7 8 2 3 4 5 
7 6 6 7 8 2 3 4 5 6 
7 8 2 7 14 8 
7 9 3 7 14 12 9 
7 10 4 7 14 18 15 10 
7 11 3 7 14 17 11 
7 12 2 7 13 12 
7 13 2 7 14 13 
7 14 2 7 13 14 
7 15 4 7 13 14 17 15 
7 16 5 7 13 19 18 23 16 
7 17 3 7 13 12 17 
7 18 3 7 13 19 18 
7 19 2 7 13 19 
7 20 4 7 13 19 18 20 
7 21 4 7 13 19 20 21 
7 22 4 7 13 14 17 22 
7 23 4 7 13 14 17 23 
8 0 2 8 9 0 
8 1 2 8 0 1 
8 2 3 8 0 1 2 
8 3 5 8 7 6 5 4 3 
8 4 4 8 7 6 5 4 
8 5 4 8 2 3 4 5 
8 6 5 8 2 3 4 5 6 
8 7 2 8 14 7 
8 9 2 8 12 9 
8 10 2 8 9 10 
8 11 2 8 12 11 
8 12 2 8 14 12 
8 13 2 8 12 13 
8 14 2 8 12 14 
8 15 3 8 12 17 15 
8 16 4 8 12 17 23 16 
8 17 2 8 12 17 
8 18 3 8 12 17 18 
8 19 3 8 12 13 19 
8 20 4 8 12 17 18 20 
8 21 4 8 12 17 22 21 
8 22 3 8 12 17 22 
8 23 3 8 12 17 23 
9 0 2 9 8 0 
9 1 3 9 8 2 1 
9 2 3 9 0 1 2 
9 3 7 9 12 14 7 6 5 4 3 
9 4 6 9 12 14 7 6 5 4 
9 5 6 9 12 8 2 3 4 5 
9 6 7 9 12 8 2 3 4 5 6 
9 7 3 9 12 14 7 
9 8 2 9 12 8 
9 10 3 9 12 11 10 
9 11 2 9 10 11 
9 12 2 9 8 12 
9 13 3 9 8 14 13 
9 14 2 9 8 14 
9 15 3 9 12 17 15 
9 16 3 9 10 15 16 
9 17 3 9 10 15 17 
9 18 3 9 10 15 18 
9 19 4 9 10 15 18 19 
9 20 4 9 10 15 18 20 
9 21 4 9 10 15 18 21 
9 22 4 9 10 15 18 22 
9 23 4 9 10 15 18 23 
10 0 3 10 11 8 0 
10 1 4 10 11 8 2 1 
10 2 4 10 9 0 1 2 
10 3 7 10 9 8 7 6 5 4 3 
10 4 6 10 9 8 7 6 5 4 
10 5 6 10 9 8 2 3 4 5 
10 6 7 10 9 8 2 3 4 5 6 
10 7 4 10 15 18 14 7 
10 8 2 10 9 8 
10 9 3 10 11 12 9 
10 11 3 10 15 17 11 
10 12 2 10 9 12 
10 13 4 10 15 18 19 13 
10 14 3 10 11 17 14 
10 15 3 10 11 17 15 
10 16 3 10 11 17 16 
10 17 2 10 11 17 
10 18 3 10 11 17 18 
10 19 4 10 11 17 14 19 
10 20 5 10 11 17 22 21 20 
10 21 4 10 11 17 22 21 
10 22 3 10 11 17 22 
10 23 3 10 11 17 23 
11 0 3 11 12 9 0 
11 1 4 11 12 9 0 1 
11 2 5 11 12 9 0 1 2 
11 3 7 11 17 14 7 6 5 4 3 
11 4 6 11 17 14 7 6 5 4 
11 5 6 11 12 8 2 3 4 5 
11 6 7 11 12 8 2 3 4 5 6 
11 7 3 11 17 14 7 
11 8 2 11 12 8 
11 9 2 11 10 9 
11 10 3 11 17 15 10 
11 12 2 11 17 12 
11 13 3 11 17 14 13 
11 14 2 11 12 14 
11 15 2 11 10 15 
11 16 3 11 10 15 16 
11 17 2 11 12 17 
11 18 3 11 10 15 18 
11 19 3 11 12 14 19 
11 20 4 11 12 14 19 20 
11 21 4 11 12 17 18 21 
11 22 4 11 12 17 23 22 
11 23 4 11 12 17 22 23 
12 0 2 12 8 0 
12 1 3 12 9 0 1 
12 2 4 12 9 0 1 2 
12 3 6 12 14 7 6 5 4 3 
12 4 5 12 14 7 6 5 4 
12 5 5 12 8 2 3 4 5 
12 6 6 12 8 2 3 4 5 6 
12 7 2 12 13 7 
12 8 2 12 14 8 
12 9 2 12 8 9 
12 10 2 12 9 10 
12 11 2 12 17 11 
12 13 2 12 14 13 
12 14 2 12 17 14 
12 15 3 12 14 18 15 
12 16 4 12 14 18 23 16 
12 17 2 12 14 17 
12 18 2 12 14 18 
12 19 2 12 13 19 
12 20 3 12 17 18 20 
12 21 3 12 14 18 21 
12 22 3 12 14 18 22 
12 23 3 12 14 18 23 
13 0 3 13 14 8 0 
13 1 4 13 12 9 0 1 
13 2 5 13 12 9 0 1 2 
13 3 5 13 7 6 5 4 3 
13 4 5 13 14 8 2 3 4 
13 5 6 13 14 8 2 3 4 5 
13 6 7 13 14 8 2 3 4 5 6 
13 7 2 13 14 7 
13 8 2 13 12 8 
13 9 3 13 14 8 9 
13 10 4 13 19 18 15 10 
13 11 3 13 14 17 11 
13 12 2 13 14 12 
13 14 2 13 19 14 
13 15 3 13 14 17 15 
13 16 4 13 19 18 23 16 
13 17 2 13 12 17 
13 18 2 13 14 18 
13 19 2 13 14 19 
13 20 3 13 14 18 20 
13 21 3 13 14 18 21 
13 22 3 13 14 17 22 
13 23 3 13 14 17 23 
14 0 3 14 12 9 0 
14 1 4 14 12 9 0 1 
14 2 5 14 12 9 0 1 2 
14 3 5 14 7 6 5 4 3 
14 4 4 14 8 2 3 4 
14 5 5 14 8 2 3 4 5 
14 6 6 14 8 2 3 4 5 6 
14 7 2 14 13 7 
14 8 2 14 12 8 
14 9 2 14 8 9 
14 10 3 14 17 11 10 
14 11 2 14 12 11 
14 12 2 14 17 12 
14 13 2 14 19 13 
14 15 2 14 17 15 
14 16 3 14 18 23 16 
14 17 2 14 18 17 
14 18 2 14 19 18 
14 19 2 14 18 19 
14 20 2 14 18 20 
14 21 3 14 17 22 21 
14 22 2 14 17 22 
14 23 2 14 17 23 
15 0 4 15 18 14 8 0 
15 1 5 15 18 14 8 2 1 
15 2 5 15 10 9 0 1 2 
15 3 7 15 17 14 7 6 5 4 3 
15 4 6 15 17 14 8 2 3 4 
15 5 7 15 17 14 8 2 3 4 5 
15 6 8 15 17 14 8 2 3 4 5 6 
15 7 4 15 17 14 13 7 
15 8 3 15 17 12 8 
15 9 3 15 17 12 9 
15 10 3 15 17 11 10 
15 11 2 15 10 11 
15 12 3 15 18 14 12 
15 13 3 15 17 14 13 
15 14 2 15 17 14 
15 16 2 15 17 16 
15 17 2 15 18 17 
15 18 2 15 17 18 
15 19 3 15 17 14 19 
15 20 4 15 17 22 21 20 
15 21 3 15 17 22 21 
15 22 2 15 17 22 
15 23 2 15 17 23 
16 0 5 16 23 18 14 8 0 
16 1 5 16 15 10 9 0 1 
16 2 6 16 15 10 9 0 1 2 
16 3 8 16 23 18 14 7 6 5 4 3 
16 4 7 16 23 18 14 8 2 3 4 
16 5 8 16 23 18 14 8 2 3 4 5 
16 6 9 16 23 18 14 8 2 3 4 5 6 
16 7 5 16 23 18 19 13 7 
16 8 4 16 23 17 12 8 
16 9 3 16 15 10 9 
16 10 3 16 17 11 10 
16 11 3 16 15 10 11 
16 12 4 16 23 18 14 12 
16 13 4 16 23 18 19 13 
16 14 3 16 23 18 14 
16 15 2 16 17 15 
16 17 2 16 23 17 
16 18 2 16 17 18 
16 19 3 16 17 14 19 
16 20 4 16 17 22 21 20 
16 21 3 16 17 18 21 
16 22 2 16 17 22 
16 23 2 16 17 23 
17 0 3 17 14 8 0 
17 1 4 17 12 9 0 1 
17 2 5 17 12 9 0 1 2 
17 3 7 17 18 14 7 6 5 4 3 
17 4 5 17 12 8 2 3 4 
17 5 6 17 12 8 2 3 4 5 
17 6 7 17 12 8 2 3 4 5 6 
17 7 3 17 12 13 7 
17 8 2 17 12 8 
17 9 3 17 15 10 9 
17 10 2 17 11 10 
17 11 2 17 12 11 
17 12 2 17 14 12 
17 13 2 17 12 13 
17 14 2 17 18 14 
17 15 2 17 18 15 
17 16 2 17 23 16 
17 18 2 17 23 18 
17 19 2 17 14 19 
17 20 3 17 22 21 20 
17 21 2 17 18 21 
17 22 2 17 23 22 
17 23 2 17 22 23 
18 0 4 18 17 12 9 0 
18 1 5 18 17 12 9 0 1 
18 2 6 18 17 12 9 0 1 2 
18 3 7 18 19 14 7 6 5 4 3 
18 4 6 18 19 14 8 2 3 4 
18 5 7 18 19 14 8 2 3 4 5 
18 6 8 18 19 14 8 2 3 4 5 6 
18 7 3 18 19 13 7 
18 8 3 18 17 12 8 
18 9 3 18 15 10 9 
18 10 3 18 17 11 10 
18 11 3 18 14 12 11 
18 12 2 18 14 12 
18 13 2 18 14 13 
18 14 2 18 19 14 
18 15 2 18 17 15 
18 16 2 18 17 16 
18 17 2 18 23 17 
18 19 2 18 20 19 
18 20 2 18 21 20 
18 21 2 18 22 21 
18 22 2 18 23 22 
18 23 2 18 22 23 
19 0 4 19 13 12 9 0 
19 1 5 19 13 12 9 0 1 
19 2 6 19 13 12 9 0 1 2 
19 3 6 19 13 7 6 5 4 3 
19 4 6 19 18 14 8 2 3 4 
19 5 7 19 18 14 8 2 3 4 5 
19 6 8 19 18 14 8 2 3 4 5 6 
19 7 2 19 13 7 
19 8 3 19 13 12 8 
19 9 4 19 18 15 10 9 
19 10 4 19 14 17 11 10 
19 11 3 19 14 12 11 
19 12 2 19 13 12 
19 13 2 19 14 13 
19 14 2 19 18 14 
19 15 3 19 14 17 15 
19 16 3 19 14 17 16 
19 17 2 19 14 17 
19 18 2 19 20 18 
19 20 2 19 18 20 
19 21 2 19 18 21 
19 22 3 19 20 21 22 
19 23 3 19 14 17 23 
20 0 5 20 18 17 12 9 0 
20 1 6 20 18 17 12 9 0 1 
20 2 7 20 18 17 12 9 0 1 2 
20 3 7 20 18 14 7 6 5 4 3 
20 4 6 20 18 14 8 2 3 4 
20 5 7 20 18 14 8 2 3 4 5 
20 6 8 20 18 14 8 2 3 4 5 6 
20 7 4 20 18 19 13 7 
20 8 4 20 18 17 12 8 
20 9 4 20 19 14 8 9 
20 10 5 20 21 22 17 11 10 
20 11 4 20 19 14 12 11 
20 12 3 20 19 14 12 
20 13 3 20 18 14 13 
20 14 2 20 18 14 
20 15 4 20 21 22 17 15 
20 16 4 20 21 22 17 16 
20 17 3 20 21 22 17 
20 18 2 20 21 18 
20 19 2 20 18 19 
20 21 2 20 18 21 
20 22 2 20 18 22 
20 23 3 20 21 22 23 
21 0 5 21 22 17 12 9 0 
21 1 6 21 22 17 12 9 0 1 
21 2 7 21 22 17 12 9 0 1 2 
21 3 8 21 20 19 14 7 6 5 4 3 
21 4 7 21 20 19 14 8 2 3 4 
21 5 8 21 20 19 14 8 2 3 4 5 
21 6 9 21 20 19 14 8 2 3 4 5 6 
21 7 4 21 20 19 13 7 
21 8 4 21 22 17 12 8 
21 9 4 21 18 15 10 9 
21 10 4 21 22 17 11 10 
21 11 4 21 18 17 12 11 
21 12 3 21 18 14 12 
21 13 3 21 18 14 13 
21 14 3 21 20 19 14 
21 15 3 21 22 17 15 
21 16 3 21 18 17 16 
21 17 2 21 18 17 
21 18 2 21 22 18 
21 19 2 21 18 19 
21 20 2 21 18 20 
21 22 2 21 18 22 
21 23 2 21 18 23 
22 0 4 22 18 14 8 0 
22 1 5 22 17 12 9 0 1 
22 2 6 22 17 12 9 0 1 2 
22 3 7 22 17 14 7 6 5 4 3 
22 4 6 22 17 14 8 2 3 4 
22 5 7 22 17 14 8 2 3 4 5 
22 6 8 22 17 14 8 2 3 4 5 6 
22 7 4 22 17 14 13 7 
22 8 3 22 17 12 8 
22 9 4 22 18 15 10 9 
22 10 3 22 17 11 10 
22 11 4 22 23 17 12 11 
22 12 3 22 18 14 12 
22 13 3 22 17 14 13 
22 14 2 22 17 14 
22 15 2 22 17 15 
22 16 2 22 17 16 
22 17 2 22 23 17 
22 18 2 22 23 18 
22 19 3 22 21 20 19 
22 20 2 22 18 20 
22 21 2 22 18 21 
22 23 2 22 18 23 
23 0 4 23 18 14 8 0 
23 1 5 23 17 12 9 0 1 
23 2 6 23 17 12 9 0 1 2 
23 3 7 23 17 14 7 6 5 4 3 
23 4 6 23 17 14 8 2 3 4 
23 5 7 23 17 14 8 2 3 4 5 
23 6 8 23 17 14 8 2 3 4 5 6 
23 7 4 23 17 14 13 7 
23 8 3 23 17 12 8 
23 9 4 23 18 15 10 9 
23 10 3 23 17 11 10 
23 11 4 23 22 17 12 11 
23 12 3 23 18 14 12 
23 13 3 23 17 14 13 
23 14 2 23 17 14 
23 15 2 23 17 15 
23 16 2 23 17 16 
23 17 2 23 22 17 
23 18 2 23 22 18 
23 19 3 23 17 14 19 
23 20 3 23 22 21 20 
23 21 2 23 18 21 
23 22 2 23 18 22 
